1 15
1 21
1 75
1 86
1 104
1 125
2 52
2 98
2 139
2 162
2 183
2 189
3 72
3 133
3 152
3 159
3 193
3 200
4 83
4 107
4 114
4 147
4 169
4 180
5 27
5 108
5 117
5 130
5 170
5 177
6 82
6 162
6 177
6 181
6 194
6 199
7 23
7 97
7 104
7 170
7 182
7 186
8 59
8 144
8 159
8 185
8 188
8 193
9 15
9 99
9 126
9 162
9 183
9 194
10 12
10 129
10 153
10 163
10 168
10 195
11 19
11 123
11 184
11 189
11 191
11 199
12 10
12 24
12 63
12 135
12 153
12 198
13 66
13 96
13 163
13 168
13 173
13 198
14 26
14 35
14 64
14 110
14 184
14 196
15 1
15 9
15 65
15 194
15 196
15 199
16 63
16 129
16 138
16 173
16 195
16 198
17 112
17 129
17 140
17 150
17 176
17 179
18 111
18 121
18 150
18 174
18 175
18 179
19 11
19 51
19 62
19 181
19 186
19 189
20 105
20 148
20 160
20 177
20 181
20 182
21 1
21 57
21 71
21 145
21 146
21 186
22 60
22 61
22 68
22 120
22 154
22 200
23 7
23 54
23 130
23 181
23 189
23 197
24 12
24 34
24 76
24 111
24 135
24 163
25 56
25 92
25 141
25 152
25 161
25 180
26 14
26 85
26 103
26 115
26 174
26 175
27 5
27 75
27 166
27 183
27 191
27 196
28 83
28 92
28 95
28 137
28 147
28 193
29 42
29 66
29 101
29 121
29 173
29 175
30 81
30 107
30 109
30 141
30 154
30 187
31 108
31 127
31 170
31 178
31 182
31 199
32 45
32 72
32 141
32 169
32 180
32 190
33 69
33 77
33 128
33 142
33 172
33 183
34 24
34 70
34 103
34 157
34 173
34 179
35 14
35 37
35 123
35 164
35 167
35 197
36 58
36 100
36 137
36 147
36 152
36 190
37 35
37 69
37 110
37 116
37 139
37 192
38 75
38 93
38 128
38 130
38 189
38 191
39 44
39 177
39 181
39 191
39 194
39 199
40 46
40 75
40 181
40 189
40 197
40 199
41 112
41 173
41 174
41 176
41 179
41 195
42 29
42 79
42 89
42 163
42 175
42 195
43 70
43 115
43 153
43 164
43 175
43 198
44 39
44 52
44 64
44 149
44 186
44 194
45 32
45 133
45 147
45 171
45 190
45 193
46 40
46 105
46 110
46 132
46 149
46 197
47 110
47 119
47 162
47 186
47 189
47 199
48 86
48 113
48 119
48 149
48 177
48 178
49 85
49 115
49 150
49 164
49 168
49 195
50 58
50 161
50 169
50 180
50 190
50 193
51 19
51 125
51 157
51 182
51 183
51 184
51 189
52 2
52 44
52 69
52 97
52 128
52 186
52 196
53 76
53 115
53 138
53 140
53 153
53 168
53 174
54 23
54 119
54 131
54 148
54 158
54 166
54 189
55 69
55 114
55 154
55 169
55 171
55 187
55 188
56 25
56 73
56 107
56 141
56 152
56 154
56 200
57 21
57 65
57 142
57 155
57 183
57 184
57 197
58 36
58 50
58 92
58 94
58 120
58 171
58 185
59 8
59 68
59 137
59 147
59 180
59 188
59 190
60 22
60 94
60 159
60 180
60 185
60 190
60 193
61 22
61 107
61 118
61 136
61 169
61 193
61 200
62 19
62 142
62 166
62 184
62 189
62 192
62 196
63 12
63 16
63 78
63 84
63 168
63 179
63 198
64 14
64 44
64 108
64 132
64 165
64 182
64 197
65 15
65 57
65 148
65 149
65 170
65 186
65 191
66 13
66 29
66 85
66 103
66 115
66 153
66 195
67 73
67 109
67 141
67 147
67 152
67 161
67 187
68 22
68 59
68 109
68 133
68 136
68 144
68 180
69 33
69 37
69 52
69 55
69 130
69 167
69 181
70 34
70 43
70 76
70 78
70 112
70 168
70 175
71 21
71 75
71 93
71 126
71 134
71 170
71 189
72 3
72 32
72 100
72 133
72 159
72 180
72 188
73 56
73 67
73 109
73 133
73 190
73 193
73 200
74 87
74 95
74 152
74 161
74 171
74 190
74 193
75 1
75 27
75 38
75 40
75 71
75 158
75 165
76 24
76 53
76 70
76 78
76 157
76 173
76 175
77 33
77 122
77 134
77 146
77 170
77 178
77 192
78 63
78 70
78 76
78 84
78 168
78 195
78 198
79 42
79 91
79 111
79 140
79 176
79 195
79 198
80 83
80 100
80 118
80 159
80 161
80 187
80 188
81 30
81 120
81 136
81 185
81 187
81 188
81 200
82 6
82 119
82 130
82 170
82 172
82 194
82 199
83 4
83 28
83 80
83 141
83 171
83 185
83 200
84 63
84 78
84 168
84 174
84 175
84 176
84 195
85 26
85 49
85 66
85 90
85 112
85 164
85 174
86 1
86 48
86 158
86 160
86 166
86 167
86 182
87 74
87 114
87 118
87 152
87 161
87 169
87 171
88 106
88 125
88 132
88 148
88 151
88 181
88 186
88 192
89 42
89 96
89 135
89 150
89 157
89 163
89 164
89 198
90 85
90 101
90 138
90 153
90 163
90 164
90 174
90 176
91 79
91 101
91 111
91 157
91 173
91 174
91 195
91 198
92 25
92 28
92 58
92 94
92 114
92 143
92 171
92 193
93 38
93 71
93 105
93 122
93 156
93 183
93 191
93 199
94 58
94 60
94 92
94 100
94 143
94 159
94 180
94 190
95 28
95 74
95 102
95 109
95 144
95 154
95 180
95 185
96 13
96 89
96 138
96 157
96 173
96 174
96 175
96 198
97 7
97 52
97 125
97 130
97 134
97 145
97 183
97 191
98 2
98 113
98 131
98 149
98 156
98 172
98 181
98 184
99 9
99 119
99 131
99 160
99 167
99 178
99 189
99 196
100 36
100 72
100 80
100 94
100 124
100 180
100 185
100 200
101 29
101 90
101 91
101 121
101 150
101 157
101 176
101 195
102 95
102 118
102 124
102 144
102 185
102 188
102 193
102 200
103 26
103 34
103 66
103 112
103 140
103 150
103 163
103 168
103 195
104 1
104 7
104 134
104 151
104 156
104 177
104 181
104 183
104 197
105 20
105 46
105 93
105 139
105 160
105 165
105 172
105 192
105 196
106 88
106 123
106 145
106 155
106 165
106 166
106 194
106 196
106 199
107 4
107 30
107 56
107 61
107 114
107 161
107 185
107 187
107 188
108 5
108 31
108 64
108 123
108 148
108 149
108 172
108 192
108 196
109 30
109 67
109 68
109 73
109 95
109 120
109 143
109 152
109 169
110 14
110 37
110 46
110 47
110 113
110 116
110 134
110 160
110 199
111 18
111 24
111 79
111 91
111 129
111 140
111 150
111 176
111 198
112 17
112 41
112 70
112 85
112 103
112 138
112 140
112 157
112 163
113 48
113 98
113 110
113 142
113 146
113 151
113 165
113 178
113 197
114 4
114 55
114 87
114 92
114 107
114 137
114 141
114 180
114 188
115 26
115 43
115 49
115 53
115 66
115 129
115 138
115 175
115 176
116 37
116 110
116 126
116 139
116 156
116 162
116 165
116 177
116 183
117 5
117 122
117 134
117 145
117 170
117 191
117 194
117 196
117 197
118 61
118 80
118 87
118 102
118 120
118 159
118 171
118 187
118 190
119 47
119 48
119 54
119 82
119 99
119 178
119 192
119 196
119 197
120 22
120 58
120 81
120 109
120 118
120 154
120 169
120 171
120 200
121 18
121 29
121 101
121 135
121 153
121 168
121 173
121 174
121 179
122 77
122 93
122 117
122 132
122 146
122 155
122 166
122 183
122 199
123 11
123 35
123 106
123 108
123 132
123 155
123 170
123 184
123 196
123 199
124 100
124 102
124 136
124 141
124 143
124 144
124 147
124 188
124 190
124 193
125 1
125 51
125 88
125 97
125 127
125 155
125 162
125 166
125 170
125 184
126 9
126 71
126 116
126 146
126 170
126 178
126 182
126 183
126 191
126 197
127 31
127 125
127 139
127 145
127 146
127 149
127 156
127 172
127 182
127 192
128 33
128 38
128 52
128 130
128 156
128 162
128 182
128 183
128 186
128 196
129 10
129 16
129 17
129 111
129 115
129 174
129 175
129 176
129 179
129 198
130 5
130 23
130 38
130 69
130 82
130 97
130 128
130 132
130 166
130 189
131 54
131 98
131 99
131 132
131 156
131 162
131 165
131 178
131 181
131 194
132 46
132 64
132 88
132 122
132 123
132 130
132 131
132 139
132 178
132 194
133 3
133 45
133 68
133 72
133 73
133 143
133 152
133 180
133 187
133 200
134 71
134 77
134 97
134 104
134 110
134 117
134 148
134 151
134 178
134 184
135 12
135 24
135 89
135 121
135 140
135 153
135 164
135 174
135 179
135 195
136 61
136 68
136 81
136 124
136 154
136 171
136 187
136 188
136 193
136 200
137 28
137 36
137 59
137 114
137 144
137 159
137 161
137 188
137 193
137 200
138 16
138 53
138 90
138 96
138 112
138 115
138 153
138 176
138 195
138 198
139 2
139 37
139 105
139 116
139 127
139 132
139 172
139 177
139 189
139 191
139 192
140 17
140 53
140 79
140 103
140 111
140 112
140 135
140 153
140 173
140 174
140 198
141 25
141 30
141 32
141 56
141 67
141 83
141 114
141 124
141 147
141 188
141 200
142 33
142 57
142 62
142 113
142 160
142 166
142 177
142 184
142 186
142 191
142 196
143 92
143 94
143 109
143 124
143 133
143 144
143 159
143 169
143 180
143 187
143 200
144 8
144 68
144 95
144 102
144 124
144 137
144 143
144 185
144 187
144 190
144 193
145 21
145 97
145 106
145 117
145 127
145 148
145 155
145 162
145 177
145 183
145 184
146 21
146 77
146 113
146 122
146 126
146 127
146 149
146 151
146 167
146 182
146 194
147 4
147 28
147 36
147 45
147 59
147 67
147 124
147 141
147 171
147 185
147 187
148 20
148 54
148 65
148 88
148 108
148 134
148 145
148 178
148 183
148 192
148 194
149 44
149 46
149 48
149 65
149 98
149 108
149 127
149 146
149 156
149 158
149 166
149 184
150 17
150 18
150 49
150 89
150 101
150 103
150 111
150 153
150 164
150 168
150 173
150 179
151 88
151 104
151 113
151 134
151 146
151 158
151 165
151 167
151 189
151 191
151 197
151 199
152 3
152 25
152 36
152 56
152 67
152 74
152 87
152 109
152 133
152 159
152 187
152 190
153 10
153 12
153 43
153 53
153 66
153 90
153 121
153 135
153 138
153 140
153 150
153 175
154 22
154 30
154 55
154 56
154 95
154 120
154 136
154 169
154 171
154 180
154 190
154 200
155 57
155 106
155 122
155 123
155 125
155 145
155 158
155 160
155 165
155 167
155 172
155 182
155 186
156 93
156 98
156 104
156 116
156 127
156 128
156 131
156 149
156 162
156 165
156 186
156 191
156 197
157 34
157 51
157 76
157 89
157 91
157 96
157 101
157 112
157 163
157 173
157 175
157 176
157 179
158 54
158 75
158 86
158 149
158 151
158 155
158 167
158 183
158 184
158 189
158 191
158 192
158 196
159 3
159 8
159 60
159 72
159 80
159 94
159 118
159 137
159 143
159 152
159 187
159 190
159 200
160 20
160 86
160 99
160 105
160 110
160 142
160 155
160 162
160 165
160 177
160 178
160 181
160 197
160 199
161 25
161 50
161 67
161 74
161 80
161 87
161 107
161 137
161 169
161 185
161 187
161 190
161 193
161 200
162 2
162 6
162 9
162 47
162 116
162 125
162 128
162 131
162 145
162 156
162 160
162 172
162 182
162 186
163 10
163 13
163 24
163 42
163 89
163 90
163 103
163 112
163 157
163 164
163 168
163 174
163 179
163 198
164 35
164 43
164 49
164 85
164 89
164 90
164 135
164 150
164 163
164 174
164 176
164 179
164 195
164 198
165 64
165 75
165 105
165 106
165 113
165 116
165 131
165 151
165 155
165 156
165 160
165 167
165 177
165 196
166 27
166 54
166 62
166 86
166 106
166 122
166 125
166 130
166 142
166 149
166 170
166 181
166 194
166 197
167 35
167 69
167 86
167 99
167 146
167 151
167 155
167 158
167 165
167 170
167 182
167 186
167 191
167 192
168 10
168 13
168 49
168 53
168 63
168 70
168 78
168 84
168 103
168 121
168 150
168 163
168 176
168 179
168 195
169 4
169 32
169 50
169 55
169 61
169 87
169 109
169 120
169 143
169 154
169 161
169 171
169 185
169 188
169 193
170 5
170 7
170 31
170 65
170 71
170 77
170 82
170 117
170 123
170 125
170 126
170 166
170 167
170 172
170 197
171 45
171 55
171 58
171 74
171 83
171 87
171 92
171 118
171 120
171 136
171 147
171 154
171 169
171 182
171 190
172 33
172 82
172 98
172 105
172 108
172 127
172 139
172 155
172 162
172 170
172 189
172 192
172 194
172 197
172 199
173 13
173 16
173 29
173 34
173 41
173 76
173 91
173 96
173 121
173 140
173 150
173 157
173 174
173 176
173 198
174 18
174 26
174 41
174 53
174 84
174 85
174 90
174 91
174 96
174 121
174 129
174 135
174 140
174 163
174 164
174 173
175 18
175 26
175 29
175 42
175 43
175 70
175 76
175 84
175 96
175 115
175 129
175 153
175 157
175 176
175 179
175 195
176 17
176 41
176 79
176 84
176 90
176 101
176 111
176 115
176 129
176 138
176 157
176 164
176 168
176 173
176 175
176 179
177 5
177 6
177 20
177 39
177 48
177 104
177 116
177 139
177 142
177 145
177 160
177 165
177 182
177 191
177 192
177 196
178 31
178 48
178 77
178 99
178 113
178 119
178 126
178 131
178 132
178 134
178 148
178 160
178 184
178 186
178 191
178 199
179 17
179 18
179 34
179 41
179 63
179 121
179 129
179 135
179 150
179 157
179 163
179 164
179 168
179 175
179 176
179 198
180 4
180 25
180 32
180 50
180 59
180 60
180 68
180 72
180 94
180 95
180 100
180 114
180 133
180 143
180 154
180 185
181 6
181 19
181 20
181 23
181 39
181 40
181 69
181 88
181 98
181 104
181 131
181 160
181 166
181 182
181 194
181 199
182 7
182 20
182 31
182 51
182 64
182 86
182 126
182 127
182 128
182 146
182 155
182 162
182 167
182 171
182 177
182 181
183 2
183 9
183 27
183 33
183 51
183 57
183 93
183 97
183 104
183 116
183 122
183 126
183 128
183 145
183 148
183 158
184 11
184 14
184 51
184 57
184 62
184 98
184 123
184 125
184 134
184 142
184 145
184 149
184 158
184 178
184 194
184 197
185 8
185 58
185 60
185 81
185 83
185 95
185 100
185 102
185 107
185 144
185 147
185 161
185 169
185 180
185 188
185 190
185 200
186 7
186 19
186 21
186 44
186 47
186 52
186 65
186 88
186 128
186 142
186 155
186 156
186 162
186 167
186 178
186 192
186 199
187 30
187 55
187 67
187 80
187 81
187 107
187 118
187 133
187 136
187 143
187 144
187 147
187 152
187 159
187 161
187 188
187 200
188 8
188 55
188 59
188 72
188 80
188 81
188 102
188 107
188 114
188 124
188 136
188 137
188 141
188 169
188 185
188 187
188 193
189 2
189 11
189 19
189 23
189 38
189 40
189 47
189 51
189 54
189 62
189 71
189 99
189 130
189 139
189 151
189 158
189 172
189 192
190 32
190 36
190 45
190 50
190 59
190 60
190 73
190 74
190 94
190 118
190 124
190 144
190 152
190 154
190 159
190 161
190 171
190 185
191 11
191 27
191 38
191 39
191 65
191 93
191 97
191 117
191 126
191 139
191 142
191 151
191 156
191 158
191 167
191 177
191 178
191 196
192 37
192 62
192 77
192 88
192 105
192 108
192 119
192 127
192 139
192 148
192 158
192 167
192 172
192 177
192 186
192 189
192 194
192 197
193 3
193 8
193 28
193 45
193 50
193 60
193 61
193 73
193 74
193 92
193 102
193 124
193 136
193 137
193 144
193 161
193 169
193 188
194 6
194 9
194 15
194 39
194 44
194 82
194 106
194 117
194 131
194 132
194 146
194 148
194 166
194 172
194 181
194 184
194 192
194 199
195 10
195 16
195 41
195 42
195 49
195 66
195 78
195 79
195 84
195 91
195 101
195 103
195 135
195 138
195 164
195 168
195 175
195 196
195 198
196 14
196 15
196 27
196 52
196 62
196 99
196 105
196 106
196 108
196 117
196 119
196 123
196 128
196 142
196 158
196 165
196 177
196 191
196 195
197 23
197 35
197 40
197 46
197 57
197 64
197 104
197 113
197 117
197 119
197 126
197 151
197 156
197 160
197 166
197 170
197 172
197 184
197 192
198 12
198 13
198 16
198 43
198 63
198 78
198 79
198 89
198 91
198 96
198 111
198 129
198 138
198 140
198 163
198 164
198 173
198 179
198 195
199 6
199 11
199 15
199 31
199 39
199 40
199 47
199 82
199 93
199 106
199 110
199 122
199 123
199 151
199 160
199 172
199 178
199 181
199 186
199 194
200 3
200 22
200 56
200 61
200 73
200 81
200 83
200 100
200 102
200 120
200 133
200 136
200 137
200 141
200 143
200 154
200 159
200 161
200 185
200 187
