1 21
1 39
1 75
1 97
1 105
1 113
1 126
2 14
2 38
2 54
2 64
2 97
2 117
3 25
3 32
3 45
3 60
3 159
3 169
4 55
4 73
4 80
4 109
4 118
4 137
4 161
5 11
5 65
5 75
5 108
5 130
5 170
6 21
6 82
6 108
6 113
6 130
6 181
7 19
7 27
7 54
7 64
7 69
7 93
8 22
8 58
8 61
8 102
8 120
8 124
8 133
8 144
8 152
8 154
8 159
8 171
8 180
8 185
8 188
8 193
8 200
9 23
9 39
9 52
9 105
9 106
9 123
9 145
9 146
9 149
9 151
9 156
9 189
9 191
9 192
9 194
9 197
9 199
10 63
10 70
10 76
10 96
10 101
10 129
10 173
10 179
10 195
10 198
11 5
11 46
11 71
11 82
11 122
11 191
12 13
12 17
12 24
12 43
12 85
12 153
13 12
13 53
13 84
13 85
13 96
13 121
14 2
14 64
14 97
14 110
14 130
15 19
15 27
15 54
15 64
15 93
15 97
16 41
16 129
16 135
16 138
16 140
16 198
17 12
17 79
17 85
17 89
17 150
17 176
18 29
18 84
18 121
18 150
18 157
18 179
19 7
19 15
19 27
19 54
19 64
19 93
20 52
20 77
20 105
20 108
20 110
20 130
20 145
20 146
20 156
20 166
20 192
20 194
20 197
20 199
21 1
21 6
21 23
21 33
21 122
21 131
22 8
22 58
22 60
22 68
22 73
22 107
22 109
22 144
22 147
22 152
22 154
22 159
22 171
22 180
22 185
22 188
22 193
22 200
23 9
23 21
23 33
23 75
23 105
23 181
24 12
24 34
24 85
24 90
24 96
24 103
25 3
25 32
25 45
25 74
25 81
25 124
26 51
26 66
26 85
26 89
26 153
26 175
27 7
27 15
27 19
27 54
27 93
27 162
28 32
28 72
28 92
28 120
28 143
28 159
29 18
29 53
29 66
29 85
29 112
29 121
30 32
30 56
30 72
30 73
30 107
30 154
31 77
31 108
31 110
31 116
31 117
31 125
31 145
31 148
31 182
32 3
32 25
32 28
32 30
32 59
32 136
33 21
33 23
33 75
33 126
33 131
33 183
34 24
34 41
34 70
34 135
34 150
34 179
35 47
35 62
35 98
35 117
35 123
36 45
36 61
36 68
36 137
36 147
36 152
37 39
37 75
37 110
37 113
37 126
37 139
38 2
38 47
38 54
38 97
38 117
38 182
39 1
39 9
39 37
39 77
39 105
39 116
39 119
39 125
39 183
40 46
40 47
40 62
40 98
40 181
40 189
41 16
41 34
41 76
41 157
41 173
41 176
42 43
42 135
42 138
42 157
42 164
42 175
42 179
43 12
43 42
43 70
43 112
43 138
43 153
44 106
44 127
44 132
44 134
44 142
44 182
45 3
45 25
45 36
45 72
45 81
45 109
46 11
46 40
46 57
46 65
46 110
46 149
47 35
47 38
47 40
47 82
47 189
47 199
48 62
48 86
48 104
48 119
48 155
48 177
49 63
49 79
49 89
49 101
49 150
49 153
49 173
49 179
49 198
50 55
50 92
50 120
50 159
50 161
50 193
51 26
51 77
51 108
51 110
51 117
51 123
51 130
51 145
51 146
51 148
51 156
51 160
51 172
51 189
51 191
51 192
51 194
51 197
51 199
52 9
52 20
52 99
52 119
52 155
52 158
52 167
52 186
53 13
53 29
53 78
53 84
53 112
53 140
53 195
54 2
54 7
54 15
54 19
54 27
54 38
54 166
55 4
55 50
55 69
55 87
55 95
55 114
55 133
55 144
55 180
55 185
55 193
55 200
56 30
56 80
56 100
56 107
56 141
56 152
56 187
57 46
57 65
57 75
57 131
57 162
57 182
58 8
58 22
58 61
58 95
58 102
58 124
58 133
58 141
58 152
58 154
58 171
58 180
58 188
58 193
58 200
59 32
59 72
59 102
59 143
59 171
59 190
60 3
60 22
60 81
60 136
60 147
60 152
60 190
61 8
61 36
61 58
61 83
61 95
61 102
61 109
61 133
61 136
61 180
61 185
61 188
61 193
61 200
62 35
62 40
62 48
62 142
62 166
62 189
62 192
63 10
63 49
63 89
63 103
63 112
63 138
63 195
64 2
64 7
64 14
64 15
64 19
64 162
64 197
65 5
65 46
65 57
65 71
65 82
65 149
65 170
66 26
66 29
66 78
66 79
66 101
66 115
66 179
67 80
67 100
67 109
67 118
67 120
67 161
67 169
68 22
68 36
68 102
68 109
68 124
68 152
68 187
69 7
69 55
69 88
69 113
69 122
69 162
69 182
70 10
70 34
70 43
70 91
70 115
70 163
70 164
70 174
70 195
70 198
71 11
71 65
71 110
71 126
71 131
71 157
71 170
72 28
72 30
72 45
72 59
72 136
72 169
72 180
73 4
73 22
73 30
73 95
73 107
73 136
73 161
73 180
73 185
73 190
74 25
74 80
74 81
74 100
74 102
74 147
74 152
75 1
75 5
75 23
75 33
75 37
75 57
75 86
76 10
76 41
76 78
76 103
76 164
76 175
76 179
77 20
77 31
77 39
77 51
77 108
77 123
77 126
77 130
77 139
77 160
77 189
77 191
77 192
77 194
77 197
77 199
78 53
78 66
78 76
78 90
78 96
78 112
78 198
79 17
79 49
79 66
79 111
79 135
79 157
79 198
80 4
80 56
80 67
80 74
80 87
80 92
80 190
81 25
81 45
81 60
81 74
81 185
81 188
82 6
82 11
82 47
82 65
82 117
82 172
83 61
83 100
83 107
83 114
83 120
83 147
83 171
84 13
84 18
84 53
84 121
84 168
84 175
84 195
85 12
85 13
85 17
85 24
85 26
85 29
86 48
86 75
86 97
86 104
86 126
86 131
86 165
86 166
87 55
87 80
87 92
87 100
87 114
87 154
87 169
88 69
88 132
88 142
88 151
88 165
88 181
88 192
89 17
89 26
89 49
89 63
89 91
89 101
89 150
89 195
90 24
90 78
90 103
90 112
90 138
90 174
90 176
90 195
91 70
91 89
91 111
91 140
91 150
91 153
91 157
91 163
91 164
91 168
91 174
91 175
92 28
92 50
92 80
92 87
92 100
92 143
92 154
92 193
93 7
93 15
93 19
93 27
93 156
93 158
93 162
93 199
94 107
94 109
94 114
94 137
94 143
94 147
94 161
94 180
95 55
95 58
95 61
95 73
95 118
95 120
95 144
95 154
96 10
96 13
96 24
96 78
96 101
96 103
96 173
96 179
97 1
97 2
97 14
97 15
97 38
97 86
97 145
98 35
98 40
98 113
98 134
98 149
98 181
99 52
99 106
99 127
99 128
99 132
99 134
99 151
99 177
100 56
100 67
100 74
100 83
100 87
100 92
100 180
100 190
101 10
101 49
101 66
101 89
101 96
101 103
101 163
101 195
102 8
102 58
102 59
102 61
102 68
102 74
102 124
102 141
103 24
103 63
103 76
103 90
103 96
103 101
103 173
103 179
103 198
104 48
104 86
104 125
104 128
104 177
104 178
104 183
104 186
104 197
105 1
105 9
105 20
105 23
105 39
105 116
105 119
105 123
105 125
105 181
105 189
105 191
105 197
105 199
106 9
106 44
106 99
106 148
106 155
106 165
106 167
106 184
106 194
107 22
107 30
107 56
107 73
107 83
107 94
107 137
107 187
107 188
108 5
108 6
108 20
108 31
108 51
108 77
108 139
108 192
108 196
109 4
109 22
109 45
109 61
109 67
109 68
109 94
109 187
109 188
110 14
110 20
110 31
110 37
110 46
110 51
110 71
110 139
110 183
111 79
111 91
111 112
111 115
111 129
111 138
111 140
111 157
111 163
111 164
111 168
111 173
111 174
111 175
111 195
111 198
112 29
112 43
112 53
112 63
112 78
112 90
112 111
112 168
112 198
113 1
113 6
113 37
113 69
113 98
113 116
113 125
113 142
113 181
113 197
114 55
114 83
114 87
114 94
114 133
114 144
114 147
114 185
114 188
115 66
115 70
115 111
115 129
115 140
115 163
115 164
115 179
115 198
116 31
116 39
116 105
116 113
116 130
116 139
116 142
116 165
116 182
117 2
117 31
117 35
117 38
117 51
117 82
117 123
117 139
117 145
117 160
117 170
117 172
117 189
117 191
117 192
117 199
118 4
118 67
118 95
118 120
118 159
118 180
118 185
118 187
118 190
119 39
119 48
119 52
119 105
119 123
119 145
119 146
119 151
119 156
119 166
119 172
119 189
119 191
119 194
119 196
119 199
120 8
120 28
120 50
120 67
120 83
120 95
120 118
120 133
120 200
121 13
121 18
121 29
121 84
121 168
121 173
121 179
121 195
121 198
122 11
122 21
122 69
122 127
122 132
122 183
123 9
123 35
123 51
123 77
123 105
123 117
123 119
123 160
123 166
123 170
123 172
123 181
123 182
123 183
123 189
123 191
123 192
123 194
123 196
123 197
124 8
124 25
124 58
124 68
124 102
124 141
124 144
124 171
124 193
124 200
125 31
125 39
125 104
125 105
125 113
125 131
125 139
125 160
125 165
125 170
126 1
126 33
126 37
126 71
126 77
126 86
126 146
126 170
126 191
126 196
127 44
127 99
127 122
127 132
127 134
127 146
127 148
127 149
127 184
127 186
128 99
128 104
128 148
128 149
128 155
128 166
128 167
128 177
128 178
128 184
129 10
129 16
129 111
129 115
129 140
129 174
129 175
130 5
130 6
130 14
130 20
130 51
130 77
130 116
130 139
130 183
130 189
131 21
131 33
131 57
131 71
131 86
131 125
131 149
131 165
131 166
131 181
132 44
132 88
132 99
132 122
132 127
132 134
132 146
132 149
132 158
132 184
133 8
133 55
133 58
133 61
133 114
133 120
133 141
133 171
133 185
133 200
134 44
134 98
134 99
134 127
134 132
134 158
134 164
134 184
134 186
135 16
135 34
135 42
135 79
135 153
135 174
136 32
136 60
136 61
136 72
136 73
136 154
137 4
137 36
137 94
137 107
137 143
137 144
137 171
137 185
137 188
137 200
138 16
138 42
138 43
138 63
138 90
138 111
138 163
138 173
138 174
138 198
139 37
139 77
139 108
139 110
139 116
139 117
139 125
139 130
139 183
140 16
140 53
140 91
140 111
140 115
140 129
140 164
140 168
140 173
140 174
140 195
141 56
141 58
141 102
141 124
141 133
141 147
141 159
141 180
141 185
141 193
141 200
142 44
142 62
142 88
142 113
142 116
142 158
142 165
142 170
142 172
142 183
142 184
143 28
143 59
143 92
143 94
143 137
143 161
144 8
144 22
144 55
144 95
144 114
144 124
144 137
144 161
144 185
144 188
144 200
145 9
145 20
145 31
145 51
145 97
145 117
145 119
145 160
145 167
145 172
145 199
146 9
146 20
146 51
146 119
146 126
146 127
146 132
146 158
146 172
146 183
146 184
146 189
147 22
147 36
147 60
147 74
147 83
147 94
147 114
147 141
147 188
147 193
147 200
148 31
148 51
148 106
148 127
148 128
148 151
148 155
148 160
148 170
148 172
148 186
149 9
149 46
149 65
149 98
149 127
149 128
149 131
149 132
149 151
149 160
149 199
150 17
150 18
150 34
150 49
150 89
150 91
150 163
150 168
150 173
150 174
150 195
150 198
151 9
151 88
151 99
151 119
151 148
151 149
151 155
151 156
151 166
151 186
151 191
151 197
152 8
152 22
152 36
152 56
152 58
152 60
152 68
152 74
152 185
152 187
152 193
152 200
153 12
153 26
153 43
153 49
153 91
153 135
153 168
153 175
154 8
154 22
154 30
154 58
154 87
154 92
154 95
154 136
154 169
154 185
154 193
154 200
155 48
155 52
155 106
155 128
155 148
155 151
155 156
155 160
155 167
155 191
155 194
155 197
155 199
156 9
156 20
156 51
156 93
156 119
156 151
156 155
156 158
156 160
156 170
156 172
156 192
156 194
157 18
157 41
157 42
157 71
157 79
157 91
157 111
157 163
157 168
157 174
157 176
157 179
157 198
158 52
158 93
158 132
158 134
158 142
158 146
158 156
158 166
158 177
158 194
158 196
158 197
158 199
159 3
159 8
159 22
159 28
159 50
159 118
159 141
159 169
159 180
159 185
159 188
159 193
159 200
160 51
160 77
160 117
160 123
160 125
160 145
160 148
160 149
160 155
160 156
160 178
160 189
160 191
160 197
161 4
161 50
161 67
161 73
161 94
161 143
161 144
162 27
162 57
162 64
162 69
162 93
162 178
163 70
163 91
163 101
163 111
163 115
163 138
163 150
163 157
163 164
163 173
163 174
163 175
163 195
163 198
164 42
164 70
164 76
164 91
164 111
164 115
164 134
164 140
164 163
164 168
164 173
164 175
164 179
164 195
165 86
165 88
165 106
165 116
165 125
165 131
165 142
165 177
165 181
166 20
166 54
166 62
166 86
166 119
166 123
166 128
166 131
166 151
166 158
166 184
166 189
166 191
166 192
167 52
167 106
167 128
167 145
167 155
167 178
167 182
167 184
167 191
168 84
168 91
168 111
168 112
168 121
168 140
168 150
168 153
168 157
168 164
168 174
168 175
168 176
168 195
168 198
169 3
169 67
169 72
169 87
169 154
169 159
169 188
170 5
170 65
170 71
170 117
170 123
170 125
170 126
170 142
170 148
170 156
170 181
170 182
170 192
170 194
170 197
171 8
171 22
171 58
171 59
171 83
171 124
171 133
171 137
171 180
171 182
171 185
171 188
171 190
171 193
171 200
172 51
172 82
172 117
172 119
172 123
172 142
172 145
172 146
172 148
172 156
172 181
172 182
172 183
172 191
172 192
173 10
173 41
173 49
173 96
173 103
173 111
173 121
173 138
173 140
173 150
173 163
173 164
173 174
173 175
173 195
174 70
174 90
174 91
174 111
174 129
174 135
174 138
174 140
174 150
174 157
174 163
174 168
174 173
174 175
174 179
174 198
175 26
175 42
175 76
175 84
175 91
175 111
175 129
175 153
175 163
175 164
175 168
175 173
175 174
175 176
175 195
175 198
176 17
176 41
176 90
176 157
176 168
176 175
177 48
177 99
177 104
177 128
177 158
177 165
177 184
177 192
177 196
178 104
178 128
178 160
178 162
178 167
178 182
178 186
179 10
179 18
179 34
179 42
179 49
179 66
179 76
179 96
179 103
179 115
179 121
179 157
179 164
179 174
179 195
179 198
180 8
180 22
180 55
180 58
180 61
180 72
180 73
180 94
180 100
180 118
180 141
180 159
180 171
180 188
180 193
180 200
181 6
181 23
181 40
181 88
181 98
181 105
181 113
181 123
181 131
181 165
181 170
181 172
181 189
181 192
181 194
181 197
182 31
182 38
182 44
182 57
182 69
182 116
182 123
182 167
182 170
182 171
182 172
182 178
182 183
182 192
182 194
182 197
183 33
183 39
183 104
183 110
183 122
183 123
183 130
183 139
183 142
183 146
183 172
183 182
183 189
183 192
183 194
183 199
184 106
184 127
184 128
184 132
184 134
184 142
184 146
184 166
184 167
184 177
184 194
185 8
185 22
185 55
185 61
185 73
185 81
185 114
185 118
185 133
185 137
185 141
185 144
185 152
185 154
185 159
185 171
185 193
186 52
186 104
186 127
186 134
186 148
186 151
186 178
187 56
187 68
187 107
187 109
187 118
187 152
187 200
188 8
188 22
188 58
188 61
188 81
188 107
188 109
188 114
188 137
188 144
188 147
188 159
188 169
188 171
188 180
188 193
188 200
189 9
189 40
189 47
189 51
189 62
189 77
189 105
189 117
189 119
189 123
189 130
189 146
189 160
189 166
189 181
189 183
189 194
189 197
190 59
190 60
190 73
190 80
190 100
190 118
190 171
191 9
191 11
191 51
191 77
191 105
191 117
191 119
191 123
191 126
191 151
191 155
191 160
191 166
191 167
191 172
191 192
191 194
191 197
192 9
192 20
192 51
192 62
192 77
192 88
192 108
192 117
192 123
192 156
192 166
192 170
192 172
192 177
192 181
192 182
192 183
192 191
193 8
193 22
193 50
193 55
193 58
193 61
193 92
193 124
193 141
193 147
193 152
193 154
193 159
193 171
193 180
193 185
193 188
193 200
194 9
194 20
194 51
194 77
194 106
194 119
194 123
194 155
194 156
194 158
194 170
194 181
194 182
194 183
194 184
194 189
194 191
194 197
195 10
195 53
195 63
195 70
195 84
195 89
195 90
195 101
195 111
195 121
195 140
195 150
195 163
195 164
195 168
195 173
195 175
195 179
195 196
196 108
196 119
196 123
196 126
196 158
196 177
196 195
197 9
197 20
197 51
197 64
197 77
197 104
197 105
197 113
197 123
197 151
197 155
197 158
197 160
197 170
197 181
197 182
197 189
197 191
197 194
198 10
198 16
198 49
198 70
198 78
198 79
198 103
198 111
198 112
198 115
198 121
198 138
198 150
198 157
198 163
198 168
198 174
198 175
198 179
199 9
199 20
199 47
199 51
199 77
199 93
199 105
199 117
199 119
199 145
199 149
199 155
199 158
199 183
200 8
200 22
200 55
200 58
200 61
200 120
200 124
200 133
200 137
200 141
200 144
200 147
200 152
200 154
200 159
200 171
200 180
200 187
200 188
200 193
