1 2
1 5
1 9
1 19
1 40
1 104
2 1
2 15
2 31
2 39
2 40
2 139
3 58
3 83
3 100
3 133
3 152
3 200
4 25
4 36
4 50
4 58
4 87
4 95
5 1
5 40
5 110
5 117
5 162
5 182
6 31
6 37
6 39
6 40
6 162
6 177
7 11
7 97
7 139
7 160
7 170
7 182
8 36
8 56
8 67
8 83
8 147
8 187
8 190
8 200
9 1
9 15
9 31
9 37
9 40
9 44
10 16
10 111
10 153
10 157
10 163
10 173
11 7
11 77
11 93
11 123
11 131
11 189
12 29
12 34
12 90
12 96
12 173
12 198
13 24
13 29
13 42
13 90
13 168
13 198
14 47
14 48
14 110
14 122
14 167
14 196
15 2
15 9
15 38
15 44
15 196
15 199
16 10
16 70
16 115
16 129
16 163
16 195
17 111
17 121
17 135
17 140
17 173
17 198
18 34
18 96
18 121
18 140
18 173
18 198
19 1
19 31
19 37
19 39
19 46
19 128
20 69
20 110
20 113
20 116
20 146
20 151
20 165
20 167
20 178
21 38
21 40
21 46
21 71
21 104
21 151
22 59
22 74
22 92
22 95
22 102
22 120
22 169
22 180
22 187
22 190
23 54
23 75
23 128
23 131
23 149
23 151
23 160
23 162
23 165
23 167
23 189
23 192
23 199
24 13
24 29
24 42
24 53
24 163
24 173
25 4
25 28
25 30
25 56
25 141
25 152
26 69
26 78
26 79
26 103
26 174
26 175
27 52
27 62
27 75
27 108
27 162
27 184
27 186
28 25
28 58
28 80
28 100
28 137
28 159
29 12
29 13
29 24
29 138
29 163
29 164
30 25
30 45
30 50
30 56
30 80
30 87
31 2
31 6
31 9
31 19
31 46
31 177
32 72
32 114
32 136
32 141
32 169
32 190
33 46
33 71
33 86
33 119
33 128
33 155
34 12
34 18
34 111
34 157
34 163
34 164
35 57
35 108
35 158
35 164
35 186
35 197
36 4
36 8
36 50
36 67
36 80
36 152
37 6
37 9
37 19
37 44
37 46
37 52
38 15
38 21
38 44
38 130
38 182
38 189
39 2
39 6
39 19
39 46
39 52
39 128
40 1
40 2
40 5
40 6
40 9
40 21
41 89
41 103
41 111
41 115
41 129
41 135
41 138
41 140
41 150
41 153
41 163
41 164
41 168
41 173
41 175
41 179
41 195
41 198
42 13
42 24
42 53
42 89
42 91
42 175
43 66
43 76
43 79
43 129
43 138
43 173
44 9
44 15
44 37
44 38
44 194
45 30
45 87
45 114
45 152
45 190
45 193
46 19
46 21
46 31
46 33
46 37
46 39
47 14
47 51
47 119
47 134
47 186
47 189
48 14
48 51
48 57
48 108
48 149
48 158
49 63
49 112
49 135
49 138
49 168
49 195
50 4
50 30
50 36
50 80
50 136
50 152
51 47
51 48
51 122
51 158
51 167
51 184
52 27
52 37
52 39
52 86
52 97
52 184
52 186
53 24
53 42
53 76
53 101
53 150
53 173
53 174
54 23
54 64
54 119
54 134
54 146
54 148
54 158
54 165
54 170
54 178
54 181
54 182
54 183
54 189
54 191
54 192
54 194
54 196
54 199
55 59
55 60
55 71
55 109
55 124
55 133
55 161
55 171
56 8
56 25
56 30
56 73
56 154
56 169
56 185
57 35
57 48
57 117
57 149
57 158
57 167
57 184
58 3
58 4
58 28
58 73
58 120
58 144
58 193
59 22
59 55
59 74
59 81
59 94
59 180
60 55
60 109
60 118
60 124
60 133
60 154
60 185
61 68
61 81
61 94
61 100
61 144
61 169
61 171
62 27
62 75
62 108
62 149
62 165
62 172
62 197
63 49
63 76
63 111
63 121
63 135
63 175
63 179
64 54
64 65
64 77
64 86
64 106
64 123
64 126
64 145
64 148
64 160
64 181
64 189
64 191
64 194
64 196
64 199
65 64
65 125
65 126
65 127
65 130
65 132
65 139
65 142
65 158
65 172
65 191
66 43
66 90
66 112
66 138
66 153
66 168
66 174
67 8
67 36
67 73
67 141
67 147
67 193
67 200
68 61
68 81
68 94
68 136
68 144
68 180
68 193
69 20
69 26
69 98
69 116
69 132
69 139
69 146
69 151
69 160
69 172
70 16
70 112
70 129
70 135
70 168
70 176
70 179
71 21
71 33
71 55
71 75
71 88
71 93
71 155
72 32
72 102
72 120
72 154
72 159
72 185
72 188
73 56
73 58
73 67
73 83
73 87
73 100
73 187
74 22
74 59
74 94
74 95
74 137
74 171
74 193
75 23
75 27
75 62
75 71
75 99
75 116
75 146
75 165
75 172
75 183
75 189
76 43
76 53
76 63
76 85
76 157
76 168
76 174
77 11
77 64
77 97
77 132
77 155
77 170
78 26
78 79
78 85
78 150
78 174
78 176
78 195
78 198
79 26
79 43
79 78
79 103
79 168
79 174
79 195
80 28
80 30
80 36
80 50
80 100
80 188
81 59
81 61
81 68
81 102
81 144
81 154
81 161
82 130
82 132
82 139
82 151
82 160
82 165
82 170
83 3
83 8
83 73
83 124
83 141
83 147
83 193
84 91
84 96
84 101
84 115
84 140
84 173
84 174
85 76
85 78
85 112
85 129
85 150
85 164
85 174
86 33
86 52
86 64
86 88
86 160
86 166
86 177
87 4
87 30
87 45
87 73
87 118
87 147
87 193
88 71
88 86
88 93
88 97
88 119
88 125
88 155
88 181
89 41
89 42
89 96
89 103
89 111
89 112
89 115
89 121
89 129
89 138
89 140
89 153
89 163
89 168
89 173
89 174
89 175
89 176
89 179
90 12
90 13
90 66
90 101
90 164
90 168
90 175
90 179
91 42
91 84
91 96
91 153
91 175
91 176
91 179
91 198
92 22
92 107
92 114
92 124
92 137
92 141
92 144
92 152
92 154
92 159
92 161
92 169
92 171
92 180
92 185
92 187
92 190
93 11
93 71
93 88
93 97
93 105
93 122
93 131
93 191
94 59
94 61
94 68
94 74
94 100
94 190
95 4
95 22
95 74
95 102
95 136
95 190
95 193
95 200
96 12
96 18
96 84
96 89
96 91
96 163
96 164
97 7
97 52
97 77
97 88
97 93
97 125
97 131
97 191
98 69
98 99
98 110
98 117
98 139
98 151
98 156
98 184
99 75
99 98
99 119
99 134
99 149
99 151
99 172
99 196
100 3
100 28
100 61
100 73
100 80
100 94
100 187
100 193
101 53
101 84
101 90
101 150
101 157
101 175
101 176
101 179
102 22
102 72
102 81
102 95
102 107
102 143
102 169
102 180
103 26
103 41
103 79
103 89
103 115
103 140
103 150
103 174
103 195
104 1
104 21
104 134
104 151
104 182
104 183
105 93
105 126
105 139
105 156
105 160
105 170
105 172
105 177
105 182
106 64
106 126
106 130
106 134
106 160
106 165
106 170
106 177
106 196
107 92
107 102
107 114
107 118
107 120
107 124
107 133
107 137
107 141
107 143
107 144
107 147
107 154
107 159
107 169
107 171
107 180
107 185
107 188
107 200
108 27
108 35
108 48
108 62
108 116
108 117
108 131
108 149
108 156
109 55
109 60
109 118
109 120
109 143
109 169
109 171
109 185
110 5
110 14
110 20
110 98
110 113
110 146
110 156
110 162
110 167
111 10
111 17
111 34
111 41
111 63
111 89
111 115
111 150
111 179
112 49
112 66
112 70
112 85
112 89
112 129
112 174
112 176
112 179
113 20
113 110
113 127
113 145
113 156
113 160
113 172
113 177
113 178
114 32
114 45
114 92
114 107
114 143
114 180
114 187
114 188
114 193
115 16
115 41
115 84
115 89
115 103
115 111
115 121
115 140
115 174
116 20
116 69
116 75
116 108
116 117
116 128
116 131
116 149
116 184
117 5
117 57
117 98
117 108
117 116
117 146
117 156
117 186
117 197
118 60
118 87
118 107
118 109
118 124
118 133
118 154
118 161
118 169
119 33
119 47
119 54
119 88
119 99
119 128
119 178
119 192
119 196
120 22
120 58
120 72
120 107
120 109
120 143
120 161
120 185
120 193
121 17
121 18
121 63
121 89
121 115
121 135
121 150
121 175
121 176
122 14
122 51
122 93
122 142
122 146
122 178
123 11
123 64
123 134
123 142
123 145
123 170
123 199
124 55
124 60
124 83
124 92
124 107
124 118
124 147
124 185
124 187
124 200
125 65
125 88
125 97
125 126
125 127
125 146
125 170
125 178
125 181
125 182
126 64
126 65
126 105
126 106
126 125
126 132
126 134
126 142
126 165
126 182
127 65
127 113
127 125
127 139
127 145
127 151
127 167
127 172
127 178
127 181
128 19
128 23
128 33
128 39
128 116
128 119
128 130
128 142
128 170
128 183
129 16
129 41
129 43
129 70
129 85
129 89
129 112
129 168
129 176
129 179
130 38
130 65
130 82
130 106
130 128
130 132
130 134
130 142
130 148
130 158
131 11
131 23
131 93
131 97
131 108
131 116
131 165
131 170
131 181
131 194
132 65
132 69
132 77
132 82
132 126
132 130
132 148
132 178
132 181
132 197
133 3
133 55
133 60
133 107
133 118
133 159
133 161
133 185
133 187
133 190
134 47
134 54
134 99
134 104
134 106
134 123
134 126
134 130
134 145
134 148
134 157
134 189
134 191
134 192
134 194
134 196
134 199
135 17
135 41
135 49
135 63
135 70
135 121
135 174
135 175
135 176
135 179
136 32
136 50
136 68
136 95
136 187
136 193
136 200
137 28
137 74
137 92
137 107
137 144
137 159
137 171
137 180
137 188
137 190
138 29
138 41
138 43
138 49
138 66
138 89
138 153
138 168
138 175
138 179
139 2
139 7
139 65
139 69
139 82
139 98
139 105
139 127
139 148
139 189
139 197
140 17
140 18
140 41
140 84
140 89
140 103
140 115
140 150
140 175
140 176
140 179
141 25
141 32
141 67
141 83
141 92
141 107
141 169
141 171
141 180
141 187
141 188
142 65
142 122
142 123
142 126
142 128
142 130
142 145
142 148
142 177
142 181
142 191
142 196
142 199
143 102
143 107
143 109
143 114
143 120
143 154
143 159
143 171
143 185
143 190
143 193
144 58
144 61
144 68
144 81
144 92
144 107
144 137
144 171
144 180
144 185
144 187
145 64
145 113
145 123
145 127
145 134
145 142
145 155
146 20
146 54
146 69
146 75
146 110
146 117
146 122
146 125
146 148
146 166
146 167
146 182
146 183
146 191
146 192
146 196
146 199
147 8
147 67
147 83
147 87
147 107
147 124
147 161
147 185
147 187
147 190
147 193
148 54
148 64
148 130
148 132
148 134
148 139
148 142
148 146
148 158
148 166
148 172
148 178
148 181
148 189
148 199
149 23
149 48
149 57
149 62
149 99
149 108
149 116
149 162
149 166
149 186
149 189
149 199
150 41
150 53
150 78
150 85
150 101
150 103
150 111
150 121
150 140
150 157
150 175
150 198
151 20
151 21
151 23
151 69
151 82
151 98
151 99
151 104
151 127
151 183
151 192
151 194
152 3
152 25
152 36
152 45
152 50
152 92
152 154
152 171
152 180
152 185
152 187
152 190
153 10
153 41
153 66
153 89
153 91
153 138
153 163
153 164
153 174
153 176
153 179
153 198
154 56
154 60
154 72
154 81
154 92
154 107
154 118
154 143
154 152
154 159
154 161
154 193
155 33
155 71
155 77
155 88
155 145
155 158
156 98
156 105
156 108
156 110
156 113
156 117
156 162
156 177
156 183
156 184
156 192
156 194
156 199
157 10
157 34
157 76
157 101
157 134
157 150
157 168
157 173
157 175
158 35
158 48
158 51
158 54
158 57
158 65
158 130
158 148
158 155
158 181
158 184
159 28
159 72
159 92
159 107
159 133
159 137
159 143
159 154
159 161
159 169
159 171
159 190
159 193
160 7
160 23
160 64
160 69
160 82
160 86
160 105
160 106
160 113
160 166
160 183
160 192
160 194
160 199
161 55
161 81
161 92
161 118
161 120
161 133
161 147
161 154
161 159
161 169
161 171
161 180
161 185
161 190
162 5
162 6
162 23
162 27
162 110
162 149
162 156
162 166
162 172
162 183
162 186
162 192
162 194
162 199
163 10
163 16
163 24
163 29
163 34
163 41
163 89
163 96
163 153
163 164
163 168
163 174
163 176
163 179
164 29
164 34
164 35
164 41
164 85
164 90
164 96
164 153
164 163
164 168
164 173
164 174
164 176
164 198
165 20
165 23
165 54
165 62
165 75
165 82
165 106
165 126
165 131
165 166
165 167
165 183
165 191
165 194
166 86
166 146
166 148
166 149
166 160
166 162
166 165
166 167
166 170
166 178
166 181
166 183
166 197
166 199
167 14
167 20
167 23
167 51
167 57
167 110
167 127
167 146
167 165
167 166
167 183
167 192
167 194
167 199
168 13
168 41
168 49
168 66
168 70
168 76
168 79
168 89
168 90
168 129
168 138
168 157
168 163
168 164
168 198
169 22
169 32
169 56
169 61
169 92
169 102
169 107
169 109
169 118
169 141
169 159
169 161
169 180
169 187
169 190
170 7
170 54
170 77
170 82
170 105
170 106
170 123
170 125
170 128
170 131
170 166
170 183
170 189
170 191
170 199
171 55
171 61
171 74
171 92
171 107
171 109
171 137
171 141
171 143
171 144
171 152
171 159
171 161
171 182
171 190
172 62
172 65
172 69
172 75
172 99
172 105
172 113
172 127
172 148
172 162
172 194
173 10
173 12
173 17
173 18
173 24
173 41
173 43
173 53
173 84
173 89
173 157
173 164
173 175
173 176
173 179
174 26
174 53
174 66
174 76
174 78
174 79
174 84
174 85
174 89
174 103
174 112
174 115
174 135
174 153
174 163
174 164
175 26
175 41
175 42
175 63
175 89
175 90
175 91
175 101
175 121
175 135
175 138
175 140
175 150
175 157
175 173
175 176
176 70
176 78
176 89
176 91
176 101
176 112
176 121
176 129
176 135
176 140
176 153
176 163
176 164
176 173
176 175
176 198
177 6
177 31
177 86
177 105
177 106
177 113
177 142
177 156
177 178
177 196
178 20
178 54
178 113
178 119
178 122
178 125
178 127
178 132
178 148
178 166
178 177
178 184
178 191
178 192
178 194
178 196
179 41
179 63
179 70
179 89
179 90
179 91
179 101
179 111
179 112
179 129
179 135
179 138
179 140
179 153
179 163
179 173
180 22
180 59
180 68
180 92
180 102
180 107
180 114
180 137
180 141
180 144
180 152
180 161
180 169
180 185
180 187
180 193
181 54
181 64
181 88
181 125
181 127
181 131
181 132
181 142
181 148
181 158
181 166
181 182
181 183
181 189
181 191
181 196
182 5
182 7
182 38
182 54
182 104
182 105
182 125
182 126
182 146
182 171
182 181
182 189
182 191
182 192
182 194
182 196
183 54
183 75
183 104
183 128
183 146
183 151
183 156
183 160
183 162
183 165
183 166
183 167
183 170
183 181
183 191
183 196
184 27
184 51
184 52
184 57
184 98
184 116
184 156
184 158
184 178
185 56
185 60
185 72
185 92
185 107
185 109
185 120
185 124
185 133
185 143
185 144
185 147
185 152
185 161
185 180
185 187
185 190
186 27
186 35
186 47
186 52
186 117
186 149
186 162
187 8
187 22
187 73
187 92
187 100
187 114
187 124
187 133
187 136
187 141
187 144
187 147
187 152
187 169
187 180
187 185
187 188
188 72
188 80
188 107
188 114
188 137
188 141
188 187
188 193
188 200
189 11
189 23
189 38
189 47
189 54
189 64
189 75
189 134
189 139
189 148
189 149
189 170
189 181
189 182
189 191
189 192
189 196
189 199
190 8
190 22
190 32
190 45
190 92
190 94
190 95
190 133
190 137
190 143
190 147
190 152
190 159
190 161
190 169
190 171
190 185
190 200
191 54
191 64
191 65
191 93
191 97
191 134
191 142
191 146
191 165
191 170
191 178
191 181
191 182
191 183
191 189
191 192
191 194
191 199
192 23
192 54
192 119
192 134
192 146
192 151
192 156
192 160
192 162
192 167
192 178
192 182
192 189
192 191
192 194
192 196
192 197
192 199
193 45
193 58
193 67
193 68
193 74
193 83
193 87
193 95
193 100
193 114
193 120
193 136
193 143
193 147
193 154
193 159
193 180
193 188
194 44
194 54
194 64
194 131
194 134
194 151
194 156
194 160
194 162
194 165
194 167
194 172
194 178
194 182
194 191
194 192
194 196
194 199
195 16
195 41
195 49
195 78
195 79
195 103
195 196
196 14
196 15
196 54
196 64
196 99
196 106
196 119
196 134
196 142
196 146
196 177
196 178
196 181
196 182
196 183
196 189
196 192
196 194
196 195
197 35
197 62
197 117
197 132
197 139
197 166
197 192
198 12
198 13
198 17
198 18
198 41
198 78
198 91
198 150
198 153
198 164
198 168
198 176
199 15
199 23
199 54
199 64
199 123
199 134
199 142
199 146
199 148
199 149
199 156
199 160
199 162
199 166
199 167
199 170
199 189
199 191
199 192
199 194
200 3
200 8
200 67
200 95
200 107
200 124
200 136
200 188
200 190
