1 6
1 9
1 15
1 38
1 46
1 86
2 47
2 52
2 77
2 98
2 128
2 156
3 68
3 80
3 107
3 143
3 152
3 169
3 185
3 188
3 200
4 22
4 60
4 83
4 95
4 102
4 124
5 6
5 15
5 27
5 88
5 166
5 177
5 184
6 1
6 5
6 33
6 132
6 158
6 170
7 23
7 62
7 77
7 98
7 106
7 156
7 177
8 58
8 94
8 102
8 124
8 185
8 188
9 1
9 33
9 77
9 126
9 132
9 170
10 12
10 16
10 17
10 18
10 29
10 168
11 19
11 35
11 37
11 51
11 57
11 69
12 10
12 34
12 42
12 63
12 135
12 153
13 26
13 76
13 101
13 103
13 112
13 115
13 138
13 150
13 157
13 163
13 174
13 176
13 195
14 44
14 71
14 108
14 116
14 126
14 128
14 131
14 145
14 151
14 160
14 166
14 178
14 186
14 189
15 1
15 5
15 33
15 132
15 142
15 184
16 10
16 42
16 63
16 96
16 153
16 175
17 10
17 42
17 91
17 153
17 175
17 179
18 10
18 41
18 42
18 66
18 129
18 175
19 11
19 40
19 44
19 48
19 62
19 71
19 155
19 162
19 165
19 166
19 167
19 172
19 177
19 178
19 183
19 196
19 197
19 199
20 39
20 86
20 148
20 160
20 177
20 182
21 37
21 51
21 57
21 123
21 134
21 145
22 4
22 25
22 30
22 32
22 36
22 67
23 7
23 71
23 93
23 125
23 126
23 127
23 131
23 142
23 156
23 167
23 189
23 196
24 66
24 84
24 129
24 135
24 175
24 179
25 22
25 30
25 72
25 100
25 114
25 161
26 13
26 51
26 70
26 138
26 150
26 198
27 5
27 88
27 98
27 99
27 108
27 122
27 125
27 128
28 72
28 74
28 81
28 92
28 95
28 107
28 109
28 147
28 152
28 169
28 171
28 187
28 188
28 190
28 193
28 200
29 10
29 42
29 78
29 153
29 163
29 173
30 22
30 25
30 55
30 100
30 120
30 136
31 35
31 117
31 142
31 170
31 192
31 199
32 22
32 72
32 74
32 100
32 114
32 161
33 6
33 9
33 15
33 69
33 142
33 172
34 12
34 53
34 85
34 96
34 103
34 175
35 11
35 31
35 39
35 117
35 191
36 22
36 60
36 74
36 100
36 147
36 161
37 11
37 21
37 51
37 110
37 134
37 191
38 1
38 40
38 52
38 75
38 128
38 191
39 20
39 35
39 51
39 191
39 192
39 199
40 19
40 38
40 44
40 64
40 71
40 97
40 113
40 123
40 131
40 145
40 151
40 160
40 178
40 186
40 197
40 199
41 18
41 66
41 78
41 84
41 174
41 176
42 12
42 16
42 17
42 18
42 29
42 163
43 90
43 111
43 115
43 121
43 129
43 150
44 14
44 19
44 40
44 48
44 71
44 160
44 162
44 165
44 166
44 167
44 172
44 177
44 178
44 183
44 189
44 196
44 197
44 199
45 74
45 94
45 107
45 141
45 147
45 171
45 188
45 200
46 1
46 52
46 105
46 128
46 132
46 170
47 2
47 52
47 149
47 162
47 170
47 194
48 19
48 44
48 54
48 97
48 105
48 134
48 145
48 146
48 160
48 165
48 167
48 178
48 181
48 186
48 189
48 196
48 197
48 199
49 66
49 111
49 129
49 164
49 179
49 195
50 55
50 120
50 136
50 169
50 180
50 193
51 11
51 21
51 26
51 37
51 39
51 57
51 183
52 2
52 38
52 46
52 47
52 69
52 128
53 34
53 91
53 96
53 103
53 115
53 157
53 198
54 48
54 65
54 113
54 132
54 146
54 158
54 162
55 30
55 50
55 69
55 72
55 120
55 169
55 187
55 188
56 58
56 61
56 68
56 114
56 118
56 137
56 180
57 11
57 21
57 51
57 69
57 155
57 183
57 197
58 8
58 56
58 68
58 118
58 137
58 159
58 185
59 67
59 80
59 83
59 95
59 107
59 159
59 187
59 188
59 193
60 4
60 36
60 67
60 83
60 87
60 180
60 190
61 56
61 73
61 124
61 137
61 141
61 154
61 200
62 7
62 19
62 69
62 86
62 88
62 125
62 127
62 181
62 192
63 12
63 16
63 135
63 140
63 157
63 168
63 174
64 40
64 65
64 75
64 93
64 105
64 142
64 172
65 54
65 64
65 82
65 86
65 97
65 119
65 148
66 18
66 24
66 41
66 49
66 78
66 89
67 22
67 59
67 60
67 74
67 87
67 95
68 3
68 56
68 58
68 137
68 141
68 143
68 185
69 11
69 33
69 52
69 55
69 57
69 62
69 167
70 26
70 79
70 85
70 89
70 121
70 150
70 173
70 174
71 14
71 19
71 23
71 40
71 44
71 75
71 104
71 105
71 113
71 130
71 157
71 158
71 172
71 186
71 189
71 197
72 25
72 28
72 32
72 55
72 81
72 100
72 109
72 114
72 133
72 152
72 187
72 188
72 190
72 193
73 61
73 94
73 109
73 124
73 133
73 141
73 144
74 28
74 32
74 36
74 45
74 67
74 81
74 87
74 109
74 133
74 161
74 187
75 38
75 64
75 71
75 108
75 126
75 131
75 166
76 13
76 78
76 79
76 96
76 101
76 112
76 115
76 129
76 150
76 153
76 163
76 168
76 174
76 176
76 195
76 198
77 2
77 7
77 9
77 116
77 178
77 182
77 191
78 29
78 41
78 66
78 76
78 153
78 168
78 195
79 70
79 76
79 89
79 90
79 91
79 101
79 121
79 140
79 173
80 3
80 59
80 147
80 154
80 171
80 185
80 187
81 28
81 72
81 74
81 107
81 109
81 118
81 120
81 133
81 137
81 144
81 152
81 169
81 171
81 180
81 187
81 190
81 193
82 65
82 122
82 123
82 148
82 155
82 172
82 194
83 4
83 59
83 60
83 95
83 154
83 171
84 24
84 41
84 89
84 90
84 111
84 164
84 176
85 34
85 70
85 103
85 112
85 115
85 138
85 198
86 1
86 20
86 62
86 65
86 155
86 158
86 182
87 60
87 67
87 74
87 114
87 124
87 152
87 161
88 5
88 27
88 62
88 98
88 99
88 106
88 125
88 132
89 66
89 70
89 79
89 84
89 90
89 121
89 163
89 164
90 43
90 79
90 84
90 89
90 111
90 121
90 173
90 174
91 17
91 53
91 79
91 101
91 140
91 173
91 195
92 28
92 94
92 118
92 133
92 136
92 143
92 144
92 180
93 23
93 64
93 99
93 104
93 110
93 122
93 130
93 142
93 156
93 194
93 199
94 8
94 45
94 73
94 92
94 144
94 154
94 188
94 200
95 4
95 28
95 59
95 67
95 83
95 109
95 159
95 171
96 16
96 34
96 53
96 76
96 101
96 168
96 174
96 175
96 176
96 195
96 198
97 40
97 48
97 65
97 105
97 113
97 146
97 167
97 183
98 2
98 7
98 27
98 88
98 116
98 125
98 162
98 172
99 27
99 88
99 93
99 108
99 116
99 125
99 126
99 166
100 25
100 30
100 32
100 36
100 72
100 180
101 13
101 76
101 79
101 91
101 96
101 103
101 111
101 112
101 115
101 129
101 135
101 138
101 150
101 153
101 168
101 173
101 174
101 179
101 198
102 4
102 8
102 109
102 118
102 147
102 171
102 187
102 188
102 190
102 193
102 200
103 13
103 34
103 53
103 85
103 101
103 138
103 157
103 174
103 176
104 71
104 93
104 131
104 134
104 142
104 156
104 165
104 172
104 177
105 46
105 48
105 64
105 71
105 97
105 113
105 131
105 151
105 183
106 7
106 88
106 108
106 116
106 125
106 126
106 127
106 166
106 196
107 3
107 28
107 45
107 59
107 81
107 109
107 147
107 152
107 154
107 161
107 185
107 190
107 193
108 14
108 27
108 75
108 99
108 106
108 127
108 148
108 172
108 196
109 28
109 72
109 73
109 74
109 81
109 95
109 102
109 107
109 137
109 141
109 143
109 144
109 154
109 169
109 171
109 180
109 187
109 188
109 190
109 193
110 37
110 93
110 116
110 126
110 127
110 131
110 142
110 160
110 166
111 43
111 49
111 84
111 90
111 101
111 121
111 173
111 174
111 176
112 13
112 76
112 85
112 101
112 115
112 135
112 138
112 150
112 157
112 163
112 168
112 173
112 176
112 179
112 195
112 198
113 40
113 54
113 71
113 97
113 105
113 123
113 131
113 151
113 183
114 25
114 32
114 56
114 72
114 87
114 136
114 137
115 13
115 43
115 53
115 76
115 85
115 101
115 112
115 135
115 140
115 150
115 157
115 164
115 168
115 173
115 195
116 14
116 77
116 98
116 99
116 106
116 110
116 139
116 162
116 183
117 31
117 35
117 122
117 149
117 192
117 197
118 56
118 58
118 81
118 92
118 102
118 141
118 143
118 144
118 193
119 65
119 122
119 123
119 134
119 146
119 148
119 155
119 196
119 197
120 30
120 50
120 55
120 81
120 136
120 169
120 171
120 187
120 193
121 43
121 70
121 79
121 89
121 90
121 111
121 174
122 27
122 82
122 93
122 117
122 119
122 125
122 148
122 155
122 199
123 21
123 40
123 82
123 113
123 119
123 155
123 165
123 167
123 183
123 199
124 4
124 8
124 61
124 73
124 87
124 159
124 190
125 23
125 27
125 62
125 88
125 98
125 99
125 106
125 122
125 130
125 184
126 9
126 14
126 23
126 75
126 99
126 106
126 110
126 127
126 130
126 166
127 23
127 62
127 106
127 108
127 110
127 126
127 128
127 130
127 166
127 182
128 2
128 14
128 27
128 38
128 46
128 52
128 127
128 156
128 186
128 196
129 18
129 24
129 43
129 49
129 76
129 101
129 168
129 173
129 179
129 195
130 71
130 93
130 125
130 126
130 127
130 131
130 142
130 155
130 166
130 172
131 14
131 23
131 40
131 75
131 104
131 105
131 110
131 113
131 130
131 181
132 6
132 9
132 15
132 46
132 54
132 88
132 145
132 165
132 167
132 178
133 72
133 73
133 74
133 81
133 92
133 141
133 144
133 152
133 180
133 193
134 21
134 37
134 48
134 104
134 119
134 151
134 164
134 165
134 181
134 183
135 12
135 24
135 63
135 101
135 112
135 115
135 140
135 164
135 176
135 195
136 30
136 50
136 92
136 114
136 120
136 137
136 152
136 171
136 190
136 193
137 56
137 58
137 61
137 68
137 81
137 109
137 114
137 136
137 187
137 200
138 13
138 26
138 85
138 101
138 103
138 112
138 150
138 157
138 176
138 195
139 116
139 145
139 155
139 156
139 166
139 167
139 172
139 177
139 178
139 191
139 192
140 63
140 79
140 91
140 115
140 135
140 157
140 174
140 198
141 45
141 61
141 68
141 73
141 109
141 118
141 133
141 144
141 152
141 169
141 190
142 15
142 23
142 31
142 33
142 64
142 93
142 104
142 110
142 130
142 184
142 186
143 3
143 68
143 92
143 109
143 118
143 169
143 200
144 73
144 81
144 92
144 94
144 109
144 118
144 133
144 141
144 147
144 152
144 193
145 14
145 21
145 40
145 48
145 132
145 139
145 146
145 158
145 177
145 178
145 182
146 48
146 54
146 97
146 119
146 145
146 149
146 160
146 165
146 167
146 178
146 194
147 28
147 36
147 45
147 80
147 102
147 107
147 144
147 159
148 20
148 65
148 82
148 108
148 119
148 122
149 47
149 117
149 146
149 156
149 177
149 194
150 13
150 26
150 43
150 70
150 76
150 101
150 112
150 115
150 138
150 174
150 176
150 195
151 14
151 40
151 105
151 113
151 134
151 158
151 167
151 177
151 182
151 189
151 197
151 199
152 3
152 28
152 72
152 81
152 87
152 107
152 133
152 136
152 141
152 144
152 159
152 169
152 171
152 180
152 188
152 190
152 193
153 12
153 16
153 17
153 29
153 76
153 78
153 101
153 168
153 173
153 174
153 176
153 195
154 61
154 80
154 83
154 94
154 107
154 109
154 169
154 180
154 187
154 193
155 19
155 57
155 82
155 86
155 119
155 122
155 123
155 130
155 139
155 158
155 165
155 189
155 196
156 2
156 7
156 23
156 93
156 104
156 128
156 139
156 149
156 165
156 182
156 189
156 196
156 197
157 13
157 53
157 63
157 71
157 103
157 112
157 115
157 138
157 140
157 164
157 173
157 195
157 198
158 6
158 54
158 71
158 86
158 145
158 151
158 155
158 160
158 178
158 184
158 186
158 189
158 192
159 58
159 59
159 95
159 124
159 147
159 152
160 14
160 20
160 40
160 44
160 48
160 110
160 146
160 158
160 162
160 165
160 182
160 183
160 186
160 196
161 25
161 32
161 36
161 74
161 87
161 107
161 169
162 19
162 44
162 47
162 54
162 98
162 116
162 160
162 165
162 167
162 172
162 182
162 183
162 189
162 196
163 13
163 29
163 42
163 76
163 89
163 112
163 168
163 173
164 49
164 84
164 89
164 115
164 134
164 135
164 157
164 179
165 19
165 44
165 48
165 104
165 123
165 132
165 134
165 146
165 155
165 156
165 160
165 162
165 186
165 189
165 197
165 199
166 5
166 14
166 19
166 44
166 75
166 99
166 106
166 110
166 126
166 127
166 130
166 139
166 186
166 196
167 19
167 23
167 44
167 48
167 69
167 97
167 123
167 132
167 139
167 146
167 151
167 162
167 189
167 196
168 10
168 63
168 76
168 78
168 96
168 101
168 112
168 115
168 129
168 153
168 163
168 173
168 176
168 195
169 3
169 28
169 50
169 55
169 81
169 109
169 120
169 141
169 143
169 152
169 154
169 161
169 187
169 190
169 200
170 6
170 9
170 31
170 46
170 47
170 177
171 28
171 45
171 80
171 81
171 83
171 95
171 102
171 109
171 120
171 136
171 152
171 182
171 187
171 190
171 193
172 19
172 33
172 44
172 64
172 71
172 82
172 98
172 104
172 108
172 130
172 139
172 162
172 186
172 196
172 199
173 29
173 70
173 79
173 90
173 91
173 101
173 111
173 112
173 115
173 129
173 153
173 157
173 163
173 168
173 195
174 13
174 41
174 63
174 70
174 76
174 90
174 96
174 101
174 103
174 111
174 121
174 140
174 150
174 153
174 176
174 195
175 16
175 17
175 18
175 24
175 34
175 96
175 179
176 13
176 41
176 76
176 84
176 96
176 103
176 111
176 112
176 135
176 138
176 150
176 153
176 168
176 174
176 179
176 195
177 5
177 7
177 19
177 20
177 44
177 104
177 139
177 145
177 149
177 151
177 170
177 186
177 189
177 194
177 197
177 199
178 14
178 19
178 40
178 44
178 48
178 77
178 132
178 139
178 145
178 146
178 158
178 182
178 183
178 189
178 197
178 199
179 17
179 24
179 49
179 101
179 112
179 129
179 164
179 175
179 176
180 50
180 56
180 60
180 81
180 92
180 100
180 109
180 133
180 152
180 154
180 187
180 190
181 48
181 62
181 131
181 134
181 182
181 199
182 20
182 77
182 86
182 127
182 145
182 151
182 156
182 160
182 162
182 171
182 178
182 181
182 186
182 189
182 197
182 199
183 19
183 44
183 51
183 57
183 97
183 105
183 113
183 116
183 123
183 134
183 160
183 162
183 178
183 186
183 197
183 199
184 5
184 15
184 125
184 142
184 158
185 3
185 8
185 58
185 68
185 80
185 107
185 190
186 14
186 40
186 48
186 71
186 128
186 142
186 158
186 160
186 165
186 166
186 172
186 177
186 182
186 183
186 189
186 196
186 197
187 28
187 55
187 59
187 72
187 74
187 80
187 81
187 102
187 109
187 120
187 137
187 154
187 169
187 171
187 180
187 190
187 193
188 3
188 8
188 28
188 45
188 55
188 59
188 72
188 94
188 102
188 109
188 152
188 190
189 14
189 23
189 44
189 48
189 71
189 151
189 155
189 156
189 158
189 162
189 165
189 167
189 177
189 178
189 182
189 186
189 197
189 199
190 28
190 60
190 72
190 81
190 102
190 107
190 109
190 124
190 136
190 141
190 152
190 169
190 171
190 180
190 185
190 187
190 188
190 193
191 35
191 37
191 38
191 39
191 77
191 139
192 31
192 39
192 62
192 117
192 139
192 158
193 28
193 50
193 59
193 72
193 81
193 102
193 107
193 109
193 118
193 120
193 133
193 136
193 144
193 152
193 154
193 171
193 187
193 190
194 47
194 82
194 93
194 146
194 149
194 177
195 13
195 49
195 76
195 78
195 91
195 96
195 112
195 115
195 129
195 135
195 138
195 150
195 153
195 157
195 168
195 173
195 174
195 176
195 196
196 19
196 23
196 44
196 48
196 106
196 108
196 119
196 128
196 155
196 156
196 160
196 162
196 166
196 167
196 172
196 186
196 195
196 197
196 199
197 19
197 40
197 44
197 48
197 57
197 71
197 117
197 119
197 151
197 156
197 165
197 177
197 178
197 182
197 183
197 186
197 189
197 196
197 199
198 26
198 53
198 76
198 85
198 96
198 101
198 112
198 140
198 157
199 19
199 31
199 39
199 40
199 44
199 48
199 93
199 122
199 123
199 151
199 165
199 172
199 177
199 178
199 181
199 182
199 183
199 189
199 196
199 197
200 3
200 28
200 45
200 61
200 94
200 102
200 137
200 143
200 169
